// object ID
<12_POLY_GEM>

// description
<# of vertices > 0009 (including the center)
<# of uv cords > 0026
<# of faces    > 0012
<# of children > 0000

// list of vertex positions
<001> 0000 0000, 0000 0000,-0008 0000

<002> 0014 0000, 0008 0000, 0000 0000
<003> 0000 0000, 0016 0000, 0000 0000
<004>-0014 0000, 0008 0000, 0000 0000
<005>-0014 0000,-0008 0000, 0000 0000
<006> 0000 0000,-0016 0000, 0000 0000
<007> 0014 0000,-0008 0000, 0000 0000

<008> 0000 0000, 0000 0000, 0008 0000

// list of texel coordinates
<000> 0031 0031
<001> 0052 0042
<002> 0052 0020
<003> 0031 0008
<004> 0010 0020
<005> 0010 0042
<006> 0031 0054
<007> 0059 0046
<008> 0059 0016
<009> 0031 0000
<000> 0003 0016
<001> 0003 0046
<002> 0031 0062

<003> 0095 0031
<004> 0116 0042
<005> 0116 0020
<006> 0095 0008
<007> 0074 0020
<008> 0074 0042
<009> 0095 0054
<000> 0123 0046
<001> 0123 0016
<002> 0095 0000
<003> 0067 0016
<004> 0067 0046
<005> 0095 0062

// list of faces (front)
<000> 0001 0007 0002, 0000 0001 0002, 9999
<001> 0001 0002 0003, 0000 0002 0003, 9999
<002> 0001 0003 0004, 0000 0003 0004, 9999
<003> 0001 0004 0005, 0000 0004 0005, 9999
<004> 0001 0005 0006, 0000 0005 0006, 9999
<005> 0001 0006 0007, 0000 0006 0001, 9999

// list of faces (back)
<006> 0008 0005 0004, 0013 0014 0015, 9999
<007> 0008 0004 0003, 0013 0015 0016, 9999
<008> 0008 0003 0002, 0013 0016 0017, 9999
<009> 0008 0002 0007, 0013 0017 0018, 9999
<010> 0008 0007 0006, 0013 0018 0019, 9999
<011> 0008 0006 0005, 0013 0019 0014, 9999


// object ID
<36_POLY_GEM>

// description
<# of vertices > 0021 (including the center)
<# of uv cords > 0026
<# of faces    > 0036
<# of children > 0000

// list of vertex positions
<001> 0000 0000, 0000 0000,-0008 0000
<002> 0010 0000, 0006 0000,-0004 0000
<003> 0000 0000, 0012 0000,-0004 0000
<004>-0010 0000, 0006 0000,-0004 0000
<005>-0010 0000,-0006 0000,-0004 0000
<006> 0000 0000,-0012 0000,-0004 0000
<007> 0010 0000,-0006 0000,-0004 0000
<008> 0014 0000, 0008 0000, 0000 0000
<009> 0000 0000, 0016 0000, 0000 0000
<000>-0014 0000, 0008 0000, 0000 0000
<001>-0014 0000,-0008 0000, 0000 0000
<002> 0000 0000,-0016 0000, 0000 0000
<003> 0014 0000,-0008 0000, 0000 0000
<004> 0000 0000, 0000 0000, 0008 0000
<005> 0010 0000, 0006 0000, 0004 0000
<006> 0000 0000, 0012 0000, 0004 0000
<007>-0010 0000, 0006 0000, 0004 0000
<008>-0010 0000,-0006 0000, 0004 0000
<009> 0000 0000,-0012 0000, 0004 0000
<000> 0010 0000,-0006 0000, 0004 0000

// list of texel coordinates
<000> 0031 0031
<001> 0052 0042
<002> 0052 0020
<003> 0031 0008
<004> 0010 0020
<005> 0010 0042
<006> 0031 0054
<007> 0059 0046
<008> 0059 0016
<009> 0031 0000
<000> 0003 0016
<001> 0003 0046
<002> 0031 0062

<003> 0095 0031
<004> 0116 0042
<005> 0116 0020
<006> 0095 0008
<007> 0074 0020
<008> 0074 0042
<009> 0095 0054
<000> 0123 0046
<001> 0123 0016
<002> 0095 0000
<003> 0067 0016
<004> 0067 0046
<005> 0095 0062



// list of faces (front)
<000> 0001 0007 0002, 0000 0001 0002, 9999
<001> 0001 0002 0003, 0000 0002 0003, 9999
<002> 0001 0003 0004, 0000 0003 0004, 9999
<003> 0001 0004 0005, 0000 0004 0005, 9999
<004> 0001 0005 0006, 0000 0005 0006, 9999
<005> 0001 0006 0007, 0000 0006 0001, 9999
<006> 0008 0002 0007, 0008 0002 0001, 9999
<007> 0008 0007 0013, 0008 0001 0007, 0006
<008> 0009 0003 0002, 0009 0003 0002, 9999
<009> 0009 0002 0008, 0009 0002 0008, 0008
<010> 0010 0004 0003, 0010 0004 0003, 9999
<011> 0010 0003 0009, 0010 0003 0009, 0010
<012> 0011 0005 0004, 0011 0005 0004, 9999
<013> 0011 0004 0010, 0011 0004 0010, 0012
<014> 0012 0006 0005, 0012 0006 0005, 9999
<015> 0012 0005 0011, 0012 0005 0011, 0014
<016> 0013 0007 0006, 0007 0001 0006, 9999
<017> 0013 0006 0012, 0007 0006 0012, 0016

// list of faces (back)
<018> 0014 0018 0017, 0013 0014 0015, 9999
<019> 0014 0017 0016, 0013 0015 0016, 9999
<020> 0014 0016 0015, 0013 0016 0017, 9999
<021> 0014 0015 0020, 0013 0017 0018, 9999
<022> 0014 0020 0019, 0013 0018 0019, 9999
<023> 0014 0019 0018, 0013 0019 0014, 9999
<024> 0010 0017 0018, 0021 0015 0014, 9999
<025> 0010 0018 0011, 0021 0014 0020, 0024
<026> 0009 0016 0017, 0022 0016 0015, 9999
<027> 0009 0017 0010, 0022 0015 0021, 0026
<028> 0008 0015 0016, 0023 0017 0016, 9999
<029> 0008 0016 0009, 0023 0016 0022, 0028
<030> 0013 0020 0015, 0024 0018 0017, 9999
<031> 0013 0015 0008, 0024 0017 0023, 0030
<032> 0012 0019 0020, 0025 0019 0018, 9999
<033> 0012 0020 0013, 0025 0018 0024, 0032
<034> 0011 0018 0019, 0020 0014 0019, 9999
<035> 0011 0019 0012, 0020 0019 0025, 0034


